(5423, 5424)
(5425, 5426)
(5426, 5427)
(5436, 5437)
(5438, 5439)
(5439, 5440)
(5449, 5450)
(5451, 5452)
(5452, 5453)
(5462, 5463)
(5464, 5465)
(5465, 5466)
(5475, 5476)
(5477, 5478)
(5478, 5479)
(5488, 5489)
(5490, 5491)
(5491, 5492)
(5501, 5502)
(5503, 5504)
(5504, 5505)
(5514, 5515)
(5516, 5517)
(5517, 5518)
(5527, 5528)
(5529, 5530)
(5530, 5531)
(5540, 5541)
(5542, 5543)
(5543, 5544)
(5553, 5554)
(5555, 5556)
(5556, 5557)
(5566, 5567)
(5568, 5569)
(5569, 5570)
(5579, 5580)
(5581, 5582)
(5582, 5583)
(5592, 5593)
(5594, 5595)
(5595, 5596)
(5605, 5606)
(5607, 5608)
(5608, 5609)
(5618, 5619)
(5620, 5621)
(5621, 5622)
(5631, 5632)
(5633, 5634)
(5634, 5635)
(5644, 5645)
(5646, 5647)
(5647, 5648)
(5657, 5658)
(5659, 5660)
(5660, 5661)
(5670, 5671)
(5672, 5673)
(5673, 5674)
(5683, 5684)
(5685, 5686)
(5686, 5687)
(5696, 5697)
(5698, 5699)
(5699, 5700)
(5709, 5710)
(5711, 5712)
(5712, 5713)
(5722, 5723)
(5724, 5725)
(5725, 5726)
(5735, 5736)
(5737, 5738)
(5738, 5739)
(5748, 5749)
(5750, 5751)
(5751, 5752)
(5761, 5762)
(5763, 5764)
(5764, 5765)
(5774, 5775)
(5776, 5777)
(5777, 5778)
(5787, 5788)
(5789, 5790)
(5790, 5791)
(5800, 5801)
(5802, 5803)
(5803, 5804)
(5813, 5814)
(5815, 5816)
(5816, 5817)
(5826, 5827)
(5828, 5829)
(5829, 5830)
(5839, 5840)
(5841, 5842)
(5842, 5843)
(5852, 5853)
(5854, 5855)
(5855, 5856)
(5865, 5866)
(5867, 5868)
(5868, 5869)
(5878, 5879)
(5880, 5881)
(5881, 5882)
(5891, 5892)
(5893, 5894)
(5894, 5895)
(5904, 5905)
(5906, 5907)
(5907, 5908)
(5917, 5918)
(5919, 5920)
(5920, 5921)
(5930, 5931)
(5932, 5933)
(5933, 5934)
(5943, 5944)
(5945, 5946)
(5946, 5947)
(5956, 5957)
(5958, 5959)
(5959, 5960)
(5969, 5970)
(5971, 5972)
(5972, 5973)
(5982, 5983)
(5984, 5985)
(5985, 5986)
(5995, 5996)
(5997, 5998)
(5998, 5999)
(6008, 6009)
(6010, 6011)
(6011, 6012)
(6021, 6022)
(6023, 6024)
(6024, 6025)
(6034, 6035)
(6036, 6037)
(6037, 6038)
(6047, 6048)
(6049, 6050)
(6050, 6051)
(6060, 6061)
(6062, 6063)
(6063, 6064)
(6073, 6074)
(6075, 6076)
(6076, 6077)
(6086, 6087)
(6088, 6089)
(6089, 6090)
(6099, 6100)
(6101, 6102)
(6102, 6103)
(6112, 6113)
(6114, 6115)
(6115, 6116)
(6125, 6126)
(6127, 6128)
(6128, 6129)
(6138, 6139)
(6140, 6141)
(6141, 6142)
(6151, 6152)
(6153, 6154)
(6154, 6155)
(6164, 6165)
(6166, 6167)
(6167, 6168)
(6177, 6178)
(6179, 6180)
(6180, 6181)
(6190, 6191)
(6192, 6193)
(6193, 6194)
(6203, 6204)
(6205, 6206)
(6206, 6207)
(6216, 6217)
(6218, 6219)
(6219, 6220)
(6229, 6230)
(6231, 6232)
(6232, 6233)
(6242, 6243)
(6244, 6245)
(6245, 6246)
(6255, 6256)
(6257, 6258)
(6258, 6259)
(6268, 6269)
(6270, 6271)
(6271, 6272)
(6281, 6282)
(6283, 6284)
(6284, 6285)
(6294, 6295)
(6296, 6297)
(6297, 6298)
(6307, 6308)
(6309, 6310)
(6310, 6311)
(6320, 6321)
(6322, 6323)
(6323, 6324)
(6333, 6334)
(6335, 6336)
(6336, 6337)
(6346, 6347)
(6348, 6349)
(6349, 6350)
(6359, 6360)
(6361, 6362)
(6362, 6363)
(6372, 6373)
(6374, 6375)
(6375, 6376)
(6385, 6386)
(6387, 6388)
(6388, 6389)
(6398, 6399)
(6400, 6401)
(6401, 6402)
(6411, 6412)
(6413, 6414)
(6414, 6415)
(6424, 6425)
(6426, 6427)
(6427, 6428)
(6437, 6438)
(6439, 6440)
(6440, 6441)
(6450, 6451)
(6452, 6453)
(6453, 6454)
(6463, 6464)
(6465, 6466)
(6466, 6467)
(6476, 6477)
(6478, 6479)
(6479, 6480)
(6489, 6490)
(6491, 6492)
(6492, 6493)
(6502, 6503)
(6504, 6505)
(6505, 6506)
(6515, 6516)
(6517, 6518)
(6518, 6519)
(6528, 6529)
(6530, 6531)
(6531, 6532)
(6541, 6542)
(6543, 6544)
(6544, 6545)
(6554, 6555)
(6556, 6557)
(6557, 6558)
(6567, 6568)
(6569, 6570)
(6570, 6571)
(6580, 6581)
(6582, 6583)
(6583, 6584)
(6593, 6594)
(6595, 6596)
(6596, 6597)
(6606, 6607)
(6608, 6609)
(6609, 6610)
(6619, 6620)
(6621, 6622)
(6622, 6623)
(6632, 6633)
(6634, 6635)
(6635, 6636)
(6645, 6646)
(6647, 6648)
(6648, 6649)
(6658, 6659)
(6660, 6661)
(6661, 6662)
(6671, 6672)
(6673, 6674)
(6674, 6675)
(6684, 6685)
(6686, 6687)
(6687, 6688)
(6697, 6698)
(6699, 6700)
(6700, 6701)
(6710, 6711)
(6712, 6713)
(6713, 6714)